gdp_sa
66,553.4
68,156.6
68,932.0
71,033.5
72,401.2
75,222.8
78,470.3
79,694.3
82,253.7
86,327.9
87,170.2
88,944.4
95,796.0
93,726.1
96,674.4
99,820.8
99,864.0
101,322.6
103,920.9
108,212.6
109,314.8
111,753.2
115,366.1
117,711.8
122,126.2
124,155.3
126,818.8
129,993.8
132,308.2
133,236.6
133,326.7
135,407.5
138,103.0
141,645.8
144,257.3
147,017.9
151,306.2
153,774.9
156,361.7
162,507.4
165,904.6
169,258.9
172,772.5
176,004.3
179,362.7
182,986.1
186,204.7
189,354.5
190,240.8
196,995.4
198,555.1
197,649.7
184,173.9
182,685.9
185,877.7
190,517.3
196,298.8
204,902.9
210,601.6
216,680.1
220,786.3
223,728.3
229,891.1
229,145.2
231,953.5
234,966.3
238,138.8
242,336.2
248,502.4
253,005.6
258,120.9
260,953.4
259,233.3
258,833.7
263,836.1
270,800.0
274,198.0
276,291.5
277,412.1
279,514.7
281,893.1
287,212.6
291,536.1
294,487.8
299,314.8
301,501.6
306,367.7
308,755.4
313,924.1
319,355.9
323,104.6
330,073.8
331,402.0
333,136.8
335,854.8
324,825.7
325,118.0
329,451.1
339,310.5
341,844.7
348,541.7
355,163.3
359,266.2
363,646.8
367,040.1
368,841.5
370,782.8
372,534.0
375,799.3
377,917.1
379,552.7
381,467.5
384,831.0
389,358.3
392,697.2
395,787.2
399,560.7
402,957.7
404,195.7
406,003.3
409,483.1
411,150.7
417,190.5
420,196.0
421,397.6
426,146.0
428,036.0
431,300.7
434,823.2
437,831.1
444,245.2
443,912.1
448,645.4
451,406.9
454,011.9
457,941.1
456,385.5
461,013.9
462,744.8
468,814.3
462,805.5
448,209.3
456,863.5
